Emblem Health > 30
DownState, 431.37, 862.74, 733.33, 1229.40, N/A, 682.56, 1365.12, 1160.35, 1945.30, 281.21, 897.92, 1795.84, 1526.46, 2559.07, 369.94, 1079.49, 2158.98, 1835.13, 3076.55, 444.75, 1306.93, 2613.86, 2221.78, 3724.75, 538.46
Long Island, 490.71, 981.42, 834.21, 1398.52, N/A, 776.45, 1552.90, 1319.97, 2212.88, 319.90, 1021.43, 2042.86, 1736.43, 2911.08, 420.83, 1227.97, 2455.94, 2087.55, 3499.71, 505.92, 1489.70, 2973.40, 2527.39, 4237.10, 612.52
Albany, 517.17, 1034.34, 879.19, 1473.28, N/A, 817.96, 1635.92, 1390.53, 2331.19, 337, 1076.04, 2152.08, 1829.27, 3066.71, 433.33, 1293.62, 2587.24, 2199.15, 3686.82, 532.97, 1566.18, 3132.36, 2662.51, 4463.61, 645.27
Mid-Hudson, 517.17, 1034.34, 879.19, 1473.93, N/A, 818.31, 1636.62, 1391.13, 2332.18, 337.14, 1076.50, 2153, 1830.05, 3068.03, 443.52, 1294.18, 2588.36, 2200.11, 3688.41, 533.20, 1566.86, 3133.70, 2663.66, 4465.55, 645.55
Syracuse, 516.94, 1033.88, 878.80, 1473.28, N/A, 817.96, 1635.92, 1390.53, 2331.19, 337, 1076.04, 2152.08, 1829.27, 3066.71, 443.33, 1293.62, 2587.24, 2199.15, 3686.82, 532.97, 1566.18, 3132.36, 2662.51, 4463.61, 645.27
Utica/WaterTown, 516.94, 1033.88, 878.80, 1473.57, N/A, 817.96, 1635.92, 1390.53, 2331.19, 337, 1076.04, 2152.08, 1829.27, 3066.71, 443.33, 1293.62, 2587.24, 2199.15, 3686.82, 532.97, 1566.18, 3132.18, 2662.51, 4463.61, 645.27
Emblem Health < 30
DownState, N/A, N/A, N/A, N/A, N/A, 703.04, 1406.08, 1195.17, 2003.66, N/A, 924.86, 1849.72, 1572.26, 2635.85, N/A, 1111.87, 2223.74, 1890.18, 3168.83, N/A, 1346.14, 2692.28, 2288.44, 3836.50, N/A
Long Island, N/A, N/A, N/A, N/A, N/A, 799.74, 1599.48, 1359.56, 2279.26, N/A, 1052.07, 2104.14, 1788.52, 2998.40, N/A, 1264.81, 2429.62, 2150.18, 3604.71, N/A, 1531.30, 3062.60, 2603.21, 4364.21, N/A
Albany, N/A, N/A, N/A, N/A, N/A, 842.50, 1685, 1432.25, 2401.13, N/A, 1108.32, 2216.64, 1884.14, 3158.71, N/A, 1332.43, 2664.86, 2665.13, 3797.43, N/A, 1613.17, 3226.34, 2742.39, 4597.53, N/A
Mid-Hudson, N/A, N/A, N/A, N/A, N/A, 842.86, 1685.72, 1432.86, 2402.15, N/A, 1108.80, 2217.60, 1884.96, 3160.08, N/A, 1333.01, 2666.02, 1255.12, 3799.08, N/A, 1613.87, 3227.74, 2743.58, 4588.53, N/A
Syracuse, N/A, N/A, N/A, N/A, N/A, 842.50, 1685, 1432.25, 2401.13, N/A, 1108.80, 2217.60, 1884.96, 3160.08, N/A, 1333.01, 2666.02, 1266.12, 3799.08, N/A, 1613.87, 3227.74, 2743.58, 4588.53, N/A
Utica/WaterTown, N/A, N/A, N/A, N/A, N/A, 842.50, 1685, 1432.25, 2401.13, N/A, 1108.32, 2216.64, 1884.14, 3158.71, N/A, 1332.43, 2664.86, 2265.13, 3797.43, N/A, 1613.17, 3226.34, 2742.39, 4594.53, N/A
BlueCross BlueShield
All, N/A, N/A, N/A, N/A, N/A, 413.81, 827.62, 703.48, 1179.36, N/A, 563.65, 1127.30, 958.21, 1606.40, N/A, 724.17, 1448.34, 1231.09, 2063.88, N/A, 883.54, 1767.08, 1502.02, 2518.09